csv,l,m,s,-3,-2,-1,0,1,2,3
168,0.00801353769825815,0.603535543050997,0.19190167744215564,0.34,0.41,0.5,0.6,0.73,0.89,1.07
169,-0.042183768071404545,0.6113125928022527,0.19292599158822854,0.34,0.42,0.51,0.61,0.74,0.9,1.1
170,-0.0015374681944865989,0.6282343207703824,0.19215974752270432,0.35,0.43,0.52,0.63,0.76,0.92,1.12
171,-0.015027917732703365,0.6379217502685997,0.19266669354189897,0.36,0.43,0.53,0.64,0.77,0.94,1.14
172,0.044362411124376375,0.6520023493514492,0.19454969822944912,0.36,0.44,0.54,0.65,0.79,0.96,1.16
173,0.009265769846055146,0.6627861280809035,0.19323600377403882,0.37,0.45,0.55,0.66,0.8,0.98,1.18
174,-0.017928015493988946,0.676502726019274,0.19217596779731572,0.38,0.46,0.56,0.68,0.82,0.99,1.21
175,-0.011663364183187919,0.6904083323315706,0.19156840541960113,0.39,0.47,0.57,0.69,0.84,1.01,1.23
176,0.005513476492787465,0.7013699667460414,0.19275823449728224,0.39,0.48,0.58,0.7,0.85,1.03,1.25
177,-0.02872440821635501,0.7140318603321346,0.1927870647831212,0.4,0.49,0.59,0.71,0.87,1.05,1.28
178,-0.011140848356657643,0.7267695842794033,0.19313921938323747,0.41,0.49,0.6,0.73,0.88,1.07,1.3
179,-0.04270432049741643,0.7394694601796248,0.19317864298164755,0.42,0.5,0.61,0.74,0.9,1.09,1.33
180,0.03575816632296956,0.7565340244835175,0.19471539702135274,0.42,0.51,0.62,0.76,0.92,1.11,1.35
181,-0.02396278026902899,0.7682812944487962,0.19338971292913476,0.43,0.52,0.64,0.77,0.93,1.13,1.38
182,-0.00036436890412486363,0.7841589998984426,0.19363552125302147,0.44,0.53,0.65,0.78,0.95,1.16,1.4
183,-0.0045198417156620966,0.7998361605816051,0.19357733669801794,0.45,0.54,0.66,0.8,0.97,1.18,1.43
184,0.0002861106028232058,0.8137634809673784,0.1930165408024398,0.46,0.55,0.67,0.81,0.99,1.2,1.45
185,0.037761436362970933,0.829605606625822,0.19498550453477836,0.46,0.56,0.68,0.83,1.01,1.22,1.48
186,0.04012475361326002,0.8475730959797705,0.19417168083917125,0.47,0.57,0.7,0.85,1.03,1.24,1.51
187,-0.0030487151358587873,0.859049354401927,0.19448878491719707,0.48,0.58,0.71,0.86,1.04,1.27,1.54
188,-0.023191935749739163,0.8758307330054409,0.19306629383065782,0.49,0.6,0.72,0.88,1.06,1.29,1.57
189,-0.012762845906464329,0.8919636682402627,0.19186763376937319,0.5,0.61,0.74,0.89,1.08,1.31,1.59
190,0.0,0.9096314124698779,0.1925765942361916,0.51,0.62,0.75,0.91,1.1,1.34,1.62
191,-0.003449548077277491,0.9253523758186942,0.1925407444963012,0.52,0.63,0.76,0.93,1.12,1.36,1.65
192,-0.00818177731964511,0.9422045398260038,0.19261037908962597,0.53,0.64,0.78,0.94,1.14,1.39,1.68
193,-0.011051752672284948,0.9579346690834994,0.19257931274039608,0.54,0.65,0.79,0.96,1.16,1.41,1.71
194,0.03268439551373456,0.9808624505318597,0.19298167097438484,0.55,0.66,0.81,0.98,1.19,1.44,1.74
195,-0.012975963744390712,0.9964989205579006,0.19227755625739304,0.56,0.68,0.82,1.0,1.21,1.46,1.78
196,-0.017418706713023063,1.013342654223751,0.1923364418679101,0.57,0.69,0.84,1.01,1.23,1.49,1.81
197,-0.0059676960939852065,1.031027041332948,0.1929607347507587,0.58,0.7,0.85,1.03,1.25,1.52,1.84
198,0.009943933603369487,1.050887273029086,0.19295787146834362,0.59,0.71,0.87,1.05,1.27,1.55,1.87
199,-0.00763086500890042,1.069607817260795,0.19266203630820855,0.6,0.73,0.88,1.07,1.3,1.57,1.91
200,0.007409640919362293,1.08947926189869,0.1926511872281506,0.61,0.74,0.9,1.09,1.32,1.6,1.94
201,-0.007713986290969659,1.1059075633511686,0.193666643558289,0.62,0.75,0.91,1.11,1.34,1.63,1.98
202,0.018064459394527936,1.1300192209911302,0.19296390067957211,0.63,0.77,0.93,1.13,1.37,1.66,2.01
203,0.008060199786477686,1.1486723819375442,0.19339695470345097,0.64,0.78,0.95,1.15,1.39,1.69,2.05
204,0.039862804641123795,1.1694476488228704,0.19424970056756827,0.65,0.79,0.96,1.17,1.42,1.72,2.08
205,-0.011360522031398623,1.189061086426869,0.1922359188393987,0.67,0.81,0.98,1.19,1.44,1.75,2.12
206,0.0014790584549403904,1.2108409592854086,0.19298173959514997,0.68,0.82,1.0,1.21,1.47,1.78,2.16
207,-0.023654843145417208,1.228368441072614,0.19292745503909312,0.69,0.84,1.01,1.23,1.49,1.81,2.2
208,0.011263049072948953,1.2513594297225974,0.19325671155314306,0.7,0.85,1.03,1.25,1.52,1.84,2.23
209,0.011794169457838951,1.2742335097006925,0.1930167645090186,0.71,0.87,1.05,1.27,1.55,1.87,2.27
210,0.0032354896797374302,1.2977319618601375,0.19254581781977503,0.73,0.88,1.07,1.3,1.57,1.91,2.31
211,0.004014050116733486,1.3206191820504176,0.19233169089917262,0.74,0.9,1.09,1.32,1.6,1.94,2.35
212,0.015548917805314148,1.342400862240452,0.19300557051198003,0.75,0.91,1.11,1.34,1.63,1.97,2.39
213,0.006375740141642775,1.366033782918557,0.19363929622986717,0.76,0.93,1.13,1.36,1.66,2.01,2.44
214,-0.01572424985321639,1.3853660055897652,0.193162078606274,0.78,0.94,1.14,1.39,1.68,2.04,2.48
215,-0.004457238367649373,1.4101945118116295,0.19341938492062055,0.79,0.96,1.16,1.41,1.71,2.08,2.52
216,0.010667446453917038,1.4360616708083676,0.19315879709916497,0.8,0.98,1.18,1.44,1.74,2.11,2.56
217,-0.011510241354253024,1.4584610964731972,0.1934103710441316,0.82,0.99,1.2,1.46,1.77,2.15,2.61
218,0.016299684300374137,1.4885159246005304,0.19317702267134107,0.83,1.01,1.23,1.49,1.8,2.19,2.65
219,-0.02484610834388177,1.510041005716751,0.1921753218911784,0.85,1.03,1.25,1.51,1.83,2.22,2.7
220,0.02605885468598928,1.5399094358055716,0.19341631282165717,0.86,1.04,1.27,1.54,1.87,2.26,2.74
221,-0.004236775355968143,1.563394502025479,0.19289902569191988,0.88,1.06,1.29,1.56,1.9,2.3,2.79
222,0.001022153433849783,1.590009592892215,0.1933948253255803,0.89,1.08,1.31,1.59,1.93,2.34,2.84
223,-0.015182402642368602,1.6164916913556608,0.1928286357607482,0.91,1.1,1.33,1.62,1.96,2.38,2.89
224,-0.019200972390094793,1.6423402832727267,0.19297099862864986,0.92,1.12,1.36,1.64,1.99,2.42,2.94
225,-0.018710627299566608,1.6719371388113333,0.19267100917344576,0.94,1.14,1.38,1.67,2.03,2.46,2.99
226,-0.013318663454476081,1.6985672705053974,0.1931406568300717,0.95,1.16,1.4,1.7,2.06,2.5,3.04
227,-0.0012631695009214699,1.7293335577638587,0.19318313812214405,0.97,1.17,1.43,1.73,2.1,2.54,3.09
228,0.011659316046805718,1.757924899277339,0.19399720277568827,0.98,1.19,1.45,1.76,2.13,2.59,3.14
229,0.011475504486492268,1.787497666003099,0.19370011083281297,1.0,1.21,1.47,1.79,2.17,2.63,3.19
230,-0.000016203729268873677,1.8162319317427889,0.19285424298084947,1.02,1.23,1.5,1.82,2.2,2.67,3.24